0 3
0 531
0 0
0 2
0 0
0 0
0 0
0 0
0 0
0 7
0 1
75 23
0 0
0 1143
0 0
0 1
0 0
158 1025
0 0
0 1
0 0
0 7
0 0
0 1
0 0
0 8
0 0
0 1
23 6
0 0
0 1
0 0
0 1
0 0
0 0
0 4
0 0
0 2
0 0
0 0
0 0
0 0
0 25
0 0
4 2
0 6
0 0
0 0
0 1
0 2
0 2
0 2
0 0
0 0
470 80
31 140
0 109
0 0
0 16
0 0
0 3
0 3
0 0
11 5
0 0
0 0
0 0
0 1
0 8
0 0
0 0
0 0
0 10
0 0
0 0
0 5
0 0
0 115
0 69
0 0
0 24
0 0
0 0
0 1
0 2
0 1
0 0
0 0
0 0
0 1
0 1
99 6
0 0
0 1
7 4
0 1
0 487
0 2
0 0
0 2274
0 22
0 7
0 2
0 6
76 1
0 0
0 5
0 0
0 1
0 0
0 37
0 1
0 0
11 32
0 0
0 18
0 0
0 9
0 0
0 0
0 0
0 0
0 0
0 220
0 0
0 0
0 0
0 0
0 5
0 0
0 0
0 0
0 1
0 9
0 0
0 11
0 2
0 816
0 0
0 1
200 8
0 0
0 1
0 1
0 0
0 0
0 0
0 0
0 0
0 98
0 1
0 27
0 0
0 0
0 2
0 0
45 4
0 2
0 0
0 13
0 6
0 3
81 0
0 0
0 0
0 0
0 2
0 154
0 88
0 0
0 8
0 1
0 0
0 5
0 0
0 429
0 806
0 2
0 139
0 86
0 0
0 334
0 157
0 6
0 70
0 0
0 0
0 501
0 0
0 5
0 2
0 3
0 0
0 0
0 3
0 653
0 72
0 5
0 0
0 0
0 0
0 262
0 0
0 0
0 0
0 0
0 6
0 5
0 1
0 0
39 14
0 0
30 14
0 1
0 18
7 11
9 53
0 1
0 1
0 0
0 0
0 10
0 4
0 20
0 672
0 446
0 0
0 0
0 27
0 764
0 65
1492 10
0 0
0 6
0 0
0 0
0 0
0 1
0 94
0 16
0 0
0 78
0 9
20 5
0 5
0 0
0 3
949 10
0 46
0 0
0 19
0 0
0 0
0 1
0 1
0 0
0 7
0 0
0 0
0 26
46 20
0 0
0 0
0 1
0 0
0 4
0 0
0 0
116 3
0 0
0 0
0 0
0 12
0 0
0 0
0 3
0 0
0 3
0 0
0 0
5 911
0 0
0 7
0 7
297 119
0 865
0 1
0 0
0 1
0 1
0 22
0 1
0 2
0 385
0 4
0 1
0 418
0 0
0 99
6 0
0 0
0 1
75 10
0 0
0 0
0 0
0 1
0 1
0 0
0 203
0 23
0 5
0 76
0 30
0 5
12422 15
0 4
0 3
0 3
0 4
0 104
0 0
65 2240
0 13
0 10
629 69
0 0
0 37
0 88
0 248
0 0
0 0
0 2
0 1
0 0
0 13
0 0
22 96
49 6
0 0
0 2
0 1
0 1
0 0
0 1
0 8
0 1
0 1
0 18
0 5
0 33
0 1
0 153
0 2
0 1
0 1
0 4
0 0
0 0
0 3
0 2
22 0
0 21
0 0
0 8
0 1
41 83
0 5
0 0
0 1
0 0
0 3
0 1
0 0
0 1
17 121
0 6
80 2
0 0
0 0
0 1
0 3
0 0
0 249
0 0
0 0
0 276
0 6
0 0
0 16
0 0
0 1
0 0
0 1
0 9
0 11
0 3
0 2
0 1
0 0
0 22
0 2
0 14
0 0
0 1
0 14
0 170
0 0
0 0
0 3
0 0
0 2
0 2
0 1
0 0
9 66
0 0
0 2
0 1
0 0
0 61
0 12
0 206
0 20
0 0
0 0
0 134
78 16
0 0
0 0
0 0
0 0
0 3
0 0
0 0
0 0
0 0
631 4
0 2
0 0
0 0
0 2
0 0
0 847
0 30
0 247
0 1
0 0
0 0
0 0
0 0
0 0
0 1
0 1
4 294
0 2
0 0
0 1
0 595
0 3
0 0
0 0
565 4
0 35
0 0
209 184
0 0
0 1
0 3
0 0
0 0
0 0
0 2
0 189
103 5
0 0
0 0
0 0
0 23
0 0
19 0
0 0
0 47
0 1
0 0
0 1
0 8
0 3
79 17
0 0
0 3
0 1
0 0
0 0
0 1
0 3
0 0
0 6
0 6
0 1
0 0
0 332
0 0
0 3026
0 75
0 1
0 0
0 12
0 192
0 3
0 0
0 0
1340 4
0 21
0 0
0 3
0 45
0 2
0 4
18 2
0 5
107 0
0 0
0 0
0 0
0 43
0 4
0 5
0 44
0 392
0 1
0 0
0 0
0 0
0 2
0 0
0 4
0 38
0 0
0 2
0 23
12 20
0 1
0 3
0 0
0 3
0 1
0 150
0 0
0 0
0 3
0 0
40 7
0 0
0 0
0 0
0 4
0 0
0 0
0 2
0 24
0 1
0 0
0 0
738 72
0 0
0 0
0 0
0 12
0 44
0 12
0 284
0 2
0 0
81 1278
0 382
911 3
0 5
0 7
0 141
0 0
0 0
0 2
0 10
0 7
0 0
0 33
0 2
13 21
0 0
0 0
16 26
0 1
0 0
0 1
0 0
0 4
0 0
0 0
0 0
744 18
0 0
0 1
0 23
0 2
0 0
0 126
0 1
0 7
208 4
0 3
0 26
0 11
0 0
0 10
0 7
0 14
0 1
0 0
0 41
0 3
0 1
0 0
0 14
0 0
0 0
0 0
0 46
0 3
0 0
0 0
0 2
0 0
0 1
0 0
0 0
0 0
0 0
0 1
0 4
0 4
0 0
0 0
0 646
0 2
0 0
0 0
0 0
6 0
0 0
0 470
0 7
0 71
0 8
0 50
0 0
0 0
0 150
0 4
0 723
0 0
0 0
0 0
0 0
0 0
0 113
0 0
6 14
0 38
0 11
0 9
259 0
0 0
0 3
0 39
0 95
0 2
0 4
0 3
554 52
0 1
0 0
0 0
0 2
0 1
0 3806
747 337
0 1
152 10
0 0
0 1
0 7
0 8
0 7
0 36
0 56
0 28
0 0
0 512
0 1
0 0
0 0
0 0
0 0
0 0
0 0
81 2
0 1325
0 0
0 0
0 0
0 22
0 0
0 0
0 0
0 2
0 57
0 36
0 6
0 0
0 0
0 2
6 194
34 2
0 42
0 1
0 614
0 219
0 409
0 0
0 6
0 27
1043 9
0 0
0 0
4 20
19 2776
0 13
0 0
0 37
0 0
0 0
0 0
0 5
0 0
0 0
0 0
0 0
111 6
7 27
0 1
0 12
0 7
0 0
0 2065
0 0
0 0
0 86
0 1
0 16
0 0
0 0
0 0
0 0
0 0
0 4
0 0
0 2
0 2
0 0
0 2
0 66
250 0
364 96
0 2
0 0
0 0
0 0
33 968
0 0
0 0
0 1
0 0
0 0
0 0
0 0
0 3
0 85
0 5
0 1
13 3
0 0
53 45
63 20
0 0
0 14
0 0
0 1
0 6
0 1
0 0
0 9
0 2
0 6
0 689
0 113
0 0
0 0
0 36
0 37
0 9
0 0
0 0
0 9
2043 252
0 0
0 3
0 0
0 1
0 2
0 1
0 0
0 0
0 4
0 0
6 8
0 1
0 0
0 0
0 0
0 89
274 0
0 27
0 2
0 38
0 0
0 9
0 1
0 7
0 14
0 989
0 1
0 15
0 23
33 53
0 0
0 0
128 15
0 0
0 11
0 0
0 96
0 37
410 3
0 3
0 0
11 40
119 7
8 0
31 3
0 2
0 10
0 4
0 11
0 0
0 0
0 3
23 0
0 11
0 0
0 2
0 0
0 1
39 0
0 1
0 0
0 0
0 0
0 0
0 0
0 36
0 1
54 16
0 0
0 0
82 24
0 0
0 1
834 6
0 13
0 0
0 0
0 17
0 0
0 0
0 3
0 0
0 11
0 0
0 0
0 0
231 108
22 98
5 77
0 170
50 2
0 0
0 0
0 1
0 2
8 13
0 1319
7 604
0 0
0 9
0 4
0 6
0 0
0 5
0 1
0 4
0 2
0 0
0 0
0 1
17 3185
0 2
0 0
0 1213
0 1
0 0
0 3
0 2
0 2
1770 12
5 3553
7 32
0 0
6 6
13 0
0 0
0 2
5 2037
0 0
0 2
0 0
0 0
0 0
0 0
0 0
876 8
0 3
0 13
0 19
0 4
0 0
0 2
0 21
0 0
0 3
0 0
0 0
0 0
0 0
0 15
0 451
0 0
54 19
0 41
0 0
0 0
0 52
0 11
236 0
0 172
0 0
0 14
0 234
0 1
0 0
0 76
0 0
0 0
0 19
6 631
1759 23
0 109
0 3
0 0
0 0
0 126
0 0
8 2
0 0
0 101
456 35
0 0
4 16
0 2
0 0
0 0
0 0
0 0
0 24
0 4
4 25
0 207
0 2
0 1
0 2
0 199
0 340
527 1360
4 623
0 24
0 2335
0 0
506 4
0 1
0 1
0 131
35 0
0 59
16 2
0 2
0 0
0 8
0 0
0 0
1660 14
0 0
0 0
0 0
0 38
0 0
0 220
0 0
0 14
0 0
0 13
0 11
14 1312
0 3
72 6693
0 0
0 1
0 1
0 3
0 60
0 0
0 18
0 0
0 319
0 18
0 0
0 84
0 210
0 15
0 5
0 1
0 47
0 0
0 2
0 0
0 0
0 298
0 0
0 2
0 0
0 1
0 0
4343 5
0 0
0 0
0 1
0 3
0 4
0 0
0 111
0 11
0 0
0 1
0 0
0 0
0 4
0 1180
0 1
0 0
0 0
0 8
0 0
0 2
0 679
0 19
42 1952
0 0
0 0
0 0
0 501
0 0
0 10
0 0
0 0
0 4
0 0
0 1
0 0
0 1
0 0
0 0
0 1
0 12
0 15
10 170
0 1
0 2
0 0
113 0
0 10
0 0
0 1
0 0
0 254
0 10
0 0
0 0
0 58
0 0
0 0
0 0
0 2
0 6
0 0
0 4
27 27
0 3
0 0
33 398
0 9
0 0
0 2
0 3
0 25
0 3
0 0
0 0
0 0
0 1
0 0
0 3
0 1
0 3
0 0
0 9
0 1
0 7
16 11
162 40
0 0
0 0
0 0
0 0
0 62
0 4
0 0
10 27
0 46
0 1
0 1
0 49
0 0
0 545
227 173
0 234
0 0
0 1
0 202
0 757
0 350
0 0
0 0
639 3
0 48
0 0
0 1
0 4
0 0
0 1
0 1
0 0
0 0
0 4
0 260
0 3
0 0
0 7
0 0
0 2
0 0
0 0
0 0
0 3
0 0
0 4
0 0
0 1
0 0
0 0
0 1
70 8
0 79
0 2
0 0
0 3
0 0
0 4
0 1
0 11
0 42
0 18
0 3
0 4
0 432
0 6
0 263
0 0
0 7
0 2
0 1
0 2901
0 0
690 13
0 3
0 0
362 673
0 7
841 10
0 0
0 16
0 1
0 2
0 0
0 3
0 2
0 3
0 1
147 6
0 0
0 14
0 4
0 1
0 1
0 202
0 0
0 1
0 0
13 1
0 1
0 0
0 0
0 4
0 0
0 0
0 1
0 0
0 15
0 0
0 0
0 0
0 0
0 0
0 0
0 5
0 3
0 0
0 47
0 11
0 0
0 0
0 32
0 6
0 1177
0 92
0 0
0 0
0 411
0 62
95 18
0 25
4 2
0 0
0 4
0 13
0 1
0 32
0 0
0 0
0 2
0 3
0 0
0 4
644 2980
0 24
0 35
0 0
0 4
0 617
0 2
0 31
0 569
69 0
6 63
0 2
0 12
0 0
0 0
0 12
0 45
27 6
0 9
0 0
0 0
0 188
0 1
0 286
0 1
0 9
0 0
8 57
145 106
0 2
88 571
0 0
0 780
0 4
14 273
0 46
0 2
0 0
0 59
0 11
0 21
0 8
0 27
0 0
0 0
0 2
0 1
0 43
0 3
0 112
0 0
0 261
0 1
0 0
0 1
0 1
0 0
0 0
0 0
0 39
0 0
29 0
0 0
0 0
0 0
22 54
0 23
0 920
0 2
0 1
0 0
0 81
0 0
0 42
0 0
0 0
0 50
0 5
0 0
0 1
0 0
0 1
5 16
0 0
0 3
0 7
0 1
0 0
0 1317
0 1
0 0
0 1
0 1
0 0
0 0
0 0
0 0
0 0
0 19
0 20
0 3
0 0
0 1
0 284
0 4
0 108
0 2030
0 905
0 30
0 1151
0 1
0 1
0 0
0 54
0 0
0 0
0 5
0 0
0 526
0 0
0 23
0 229
0 1
0 15
0 11
4 0
0 16
0 2
0 10
297 593
0 1
0 0
0 0
0 9
6 6
0 0
0 21
0 0
0 0
0 1
0 0
0 1
245 15
0 1
0 0
0 0
4 131
0 1
0 0
0 100
0 0
0 438
0 0
0 5
0 3
0 5
0 1
0 3
0 0
0 1
0 0
0 4
0 0
178 108
0 1
0 0
0 2
0 12
60 0
0 0
0 0
0 0
0 0
0 0
5 24
0 0
0 0
0 0
0 0
0 0
0 0
0 3
0 2
0 0
0 11
0 212
0 1
16 7
0 0
0 0
0 2
0 10
0 0
0 1
6 6
0 0
0 0
0 1
0 0
0 39
0 275
0 70
0 0
0 0
0 1
0 0
0 497
0 104
0 0
0 0
0 0
0 3
0 0
0 14
0 0
0 23
0 0
0 0
0 11
0 1
0 1
0 8
7 514
364 7
28 6
0 1
0 5
0 1
0 1
0 1
205 3625
0 6
0 0
0 0
0 0
0 0
0 0
0 1
0 0
0 4
0 0
0 1
0 0
13 106
0 14
0 22
0 0
38 8
0 2
0 33
0 3
0 0
0 0
0 0
0 0
0 1
27 192
268 124
0 9
0 74
0 123
0 2
0 0
0 5
0 0
0 0
0 3
0 0
0 2
0 0
32 4
0 4
0 4
0 0
392 135
0 1
0 0
0 3
0 0
0 97
12100 36
0 54
0 0
0 305
0 644
0 10
0 0
14 3
0 3209
12 0
8 17
0 0
0 8
7 1239
0 0
0 1
0 43
0 0
0 1007
0 3
0 0
0 2
0 182
0 1
0 0
0 2
0 136
0 978
49 1094
0 0
20 33
0 1
0 1
0 0
0 0
0 0
0 8
0 60
0 7
13 8
0 4
0 22
1784 34
45 0
0 1151
0 8
0 0
0 15
0 0
0 460
0 10
0 0
0 0
0 1
0 0
0 2
0 0
0 12
0 0
0 0
0 0
0 0
403 4
0 5
7 22
0 0
0 55
0 0
0 0
0 87
3506 2569
0 4
0 64
0 8
0 3
0 0
0 9
0 2
6 0
0 1
0 0
0 1958
0 2
0 3
0 35
0 16
0 55
0 1
174 92
0 101
0 16
0 57
0 20
0 0
0 55
0 4
0 1
0 8
0 0
0 0
0 40
7988 20
0 0
0 39
142 101
0 91
241 1079
0 0
0 0
0 1
0 0
0 89
0 1
0 0
0 0
21 50
36 1
0 0
0 0
0 1
0 0
133 5
546 3
0 0
0 1
0 9
0 0
0 0
0 0
158 39
0 1
0 2
0 47
413 79
0 0
17 1
0 2
0 171
0 75
946 39
0 0
0 2
2693 12
0 2
0 0
0 1
0 9
0 0
0 0
0 0
0 0
0 2
0 0
0 0
0 27
0 2
0 0
0 0
0 2
0 0
0 3
0 0
0 8
0 0
0 14
15 210
0 9
0 1
0 3
0 12
0 7
0 0
1103 16
0 1
0 1
0 0
0 0
0 0
0 2
0 7
140 1
0 2
0 5
20 3
0 16
0 0
0 0
1955 20
0 2
0 0
0 0
0 0
0 11
914 50
0 3
0 3
0 1
0 0
0 0
0 0
26 212
0 8
0 95
0 1
0 7
0 0
0 6
0 1
0 0
0 0
0 7
0 21
0 2
50 2
0 1
323 77
0 2
0 0
0 6
0 466
0 0
0 3
0 5
0 0
5 6
0 40
0 11
66 2047
0 0
0 0
0 1
0 0
0 22
0 6
0 0
0 1
0 2051
0 1
0 1
0 1302
0 40
10 25
0 1
0 1
0 38
63 10
0 0
0 3
0 1
0 30
0 54
275 94
0 1
0 0
0 0
4 0
0 8
0 2
0 5
142 26
4 5
0 0
0 1
0 7
0 39
0 7
0 39
0 3
0 44
0 0
0 3
0 24
0 1
0 1
0 8
133 56
0 1
0 0
0 1
0 3
0 2
0 8
0 244
0 0
0 0
0 1172
0 0
0 0
0 1359
0 6
0 22
16 4679
0 0
0 196
0 195
0 26
0 17
0 0
0 1
0 0
0 0
0 24
0 0
0 0
0 1
0 0
0 3
0 3
139 8
0 21
0 11
0 6
0 3
0 0
0 3
0 59
99 0
0 11
0 0
0 7
0 1
0 1
4 0
0 0
0 1
0 0
0 0
59 55
15 208
0 13
0 5
0 3
93 4
0 3
0 1
0 0
0 1
0 1
0 409
0 7
0 0
0 109
0 5
0 6
0 2
15 329
0 47
0 3
0 1
0 0
0 1
0 0
0 0
0 0
0 1
0 0
0 25
0 2
0 133
0 75
0 11
307 4
0 0
0 9
0 0
0 0
0 0
0 0
0 0
0 0
0 1
0 0
0 188
0 0
0 0
0 1
0 41
0 42
0 1
0 2
0 0
0 0
108 0
0 0
0 0
0 0
0 0
0 0
0 0
0 1
0 0
0 5
72 331
0 0
0 0
294 41
0 0
15 1
0 0
0 0
0 9
0 40
0 6
0 8
0 0
0 5
0 330
0 17
0 0
0 0
0 2
0 0
0 0
0 13
0 0
90 10
0 7
0 0
0 20
0 0
0 1
0 0
0 0
0 0
0 0
0 0
0 0
0 0
0 3
0 7
0 1
0 0
0 2
0 2
0 11
715 16
0 20
0 0
0 8
0 2
0 2
0 0
0 1
111 0
0 0
0 0
0 0
0 3
0 0
0 0
0 7
0 0
0 8
0 4
0 0
0 0
0 668
200 6
0 1
0 0
0 8
0 436
0 91
0 5
0 16
0 0
0 0
0 3
0 4
412 16
0 8
0 0
0 0
0 0
0 0
0 80
0 394
0 4
0 44
0 0
0 0
0 0
0 1
0 0
0 0
0 0
0 0
0 1
0 0
0 0
19 18
0 1
0 0
0 0
0 0
0 0
0 5
0 3
0 4
0 0
0 2
0 0
0 0
0 0
0 0
0 0
0 11
0 10
0 1
0 146
0 10
0 1
0 9
0 112
0 1426
12 2439
0 1
0 2
0 11
0 49
0 10
0 0
0 1
0 1
0 0
0 0
0 0
0 0
0 0
0 1
0 1
0 1
0 1
0 2
0 0
103 9
0 1
7 18
0 6
0 75
19 13
0 2
0 0
0 1
0 11
0 2
0 3
71 1
0 0
0 43
0 0
93 0
0 4
0 0
0 354
0 24
0 204
0 13
0 1
0 9
0 1
252 110
0 58
0 2
50 5
0 1
0 137
0 0
0 7
0 9
0 529
0 1
0 1
0 2
0 12
0 0
0 0
0 0
0 0
0 0
0 0
0 0
0 11
0 7
0 0
0 0
0 8
0 27
0 8
0 3
0 4
0 93
0 88
0 2
442 9
0 6
0 76
0 15
0 1
0 3
0 0
0 0
0 0
0 2
0 4
0 4
0 0
0 0
0 0
0 3
0 6
29 1308
0 0
0 0
0 0
0 0
0 0
0 62
0 0
220 36
0 18
0 320
0 0
0 0
0 4
0 1
0 9
0 0
0 4
0 3
0 2
0 0
0 0
0 204
0 0
0 36
406 47
0 1689
0 443
0 527
0 0
0 0
0 0
0 15
0 724
0 3
0 1
0 1
37 553
0 2619
0 3
0 32
0 0
0 22
0 1
0 11
7 1504
0 1287
0 0
0 1001
37 2
683 3
0 86
0 8
0 1
0 0
0 0
0 0
39 5
0 0
239 20
0 0
53 1
0 1
0 12
0 27
0 7
0 0
0 3
0 0
0 4
0 0
27 376
0 0
0 457
34 1158
0 0
0 0
0 0
0 0
0 33
0 1
0 0
0 0
0 10
0 1
0 0
0 0
0 15
0 4
0 818
0 101
0 2
72 8
0 3
0 0
0 1
0 0
0 1
0 33
31 3
0 0
0 3
0 0
0 1
0 4
6 781
0 46
0 12
0 4
860 37
0 6
0 0
0 1
0 1
0 0
0 10
0 123
15 3
0 2
0 740
44 3048
0 3
0 2
0 6
12 679
0 25
0 0
0 0
0 18
0 1
10 217
0 0
0 99
0 3
0 558
0 0
0 10
0 12
0 3
0 0
0 10
190 0
0 55
0 1231
0 113
0 4
0 372
0 111
0 0
0 0
0 0
0 1
0 1
0 0
0 0
0 71
0 283
0 2
0 0
0 2
25 11
0 0
0 0
0 0
0 18
0 2
0 0
0 3
0 13
0 0
0 318
0 2
0 30
0 2
0 0
0 0
49 29
0 3
0 0
0 0
0 0
0 1
0 0
0 173
0 1
0 12
12 823
0 0
0 0
0 0
0 3
0 2
0 0
0 0
0 0
0 269
0 1
0 1
0 0
0 0
0 0
46 10
0 8
0 0
0 81
112 241
0 4
0 0
0 0
0 0
0 2
0 4
0 0
0 18
0 739
0 2
351 3
0 602
0 0
0 0
0 0
0 1
0 10
0 0
0 0
0 0
0 0
0 0
0 55
0 39
0 0
113 56
0 0
0 3
0 11
0 88
0 0
0 2
0 12
1226 13
0 3
0 0
0 3
0 0
0 27
0 0
0 126
0 1809
0 0
0 1
0 120
0 8
0 47
268 253
0 1
0 688
0 89
59 34
0 0
0 41
379 9
0 4
0 74
0 0
0 0
0 10
413 166
0 18
16 90
0 3
0 2
0 0
0 23
0 8
426 13
0 0
0 4
0 1
0 0
0 78
0 17
0 2
0 400
0 1185
0 3
0 1
0 0
0 0
0 0
0 4
0 3
0 0
0 0
0 9
0 185
8 0
0 2
0 0
0 458
0 50
0 1
0 1
0 0
0 4
0 10
0 1
0 15
0 296
4 323
0 1
0 1
0 11
0 0
0 0
0 2
0 19
0 1
0 7
0 3
0 2
0 33
69 35
0 3045
0 0
0 508
0 0
0 0
0 4
0 1
0 1
0 37
0 2
0 9
0 0
0 0
0 6
0 137
0 88
6 910
5 4
0 4
0 0
0 1
0 5
0 1
0 1
0 7
0 1
0 0
0 0
0 0
0 0
27 9
0 21
0 40
0 33
6 265
0 28
0 0
6 891
0 0
65 3
0 0
0 1
0 911
0 59
0 0
0 95
0 8
0 3
0 48
0 0
0 0
10 222
0 0
50 2
0 5
0 0
0 0
0 1
0 0
0 172
0 0
0 4
0 0
0 0
0 585
0 0
0 0
0 32
0 16
1013 24
0 0
0 0
0 0
0 0
0 0
0 0
960 104
0 0
0 5
0 2272
0 16
8 4
0 0
0 0
0 1
38 1
0 0
0 3
0 0
0 10
0 9
0 3
76 2
0 36
0 16
0 0
0 8
0 58
0 49
0 12
0 1
0 0
2293 38
0 0
0 1
0 0
0 2
0 0
0 0
0 0
9 3
0 88
0 6
0 0
0 3
0 1
0 0
0 11
0 0
0 0
0 0
0 4
0 0
0 2
0 1
0 12
0 107
0 0
0 267
0 0
0 0
0 0
0 1
0 0
0 0
0 0
0 5
25 3
0 0
7 5
685 6
134 4
0 9
0 1
0 0
0 0
0 6
0 1
0 3
217 6
0 1
0 0
0 290
0 73
0 0
1162 19
0 17
0 1
0 0
0 0
0 0
0 0
0 0
0 540
0 16
0 0
0 2
0 146
0 1
0 3
276 16
0 2
0 1
0 13
0 6
8 52
0 1
0 0
0 7
0 0
0 1
0 0
0 10
0 2
0 1
0 0
0 19
0 2
0 0
0 3
0 3
0 0
0 1
0 721
0 138
0 13
635 332
0 38
0 6
0 0
0 0
0 6
0 5
0 0
0 0
0 1
0 0
0 251
0 1
0 1
0 11
0 0
0 18
0 257
0 20
0 148
0 142
0 36
0 8
0 113
0 62
0 0
0 1
6 168
0 25
0 53
137 12
0 2
0 0
0 0
0 34
0 4
0 0
0 0
0 20
0 1
0 2
0 4
0 0
0 40
0 1
0 10
6 6
81 1
0 231
0 0
0 2
0 0
0 65
0 1
0 0
0 0
0 0
0 0
0 1
0 0
0 2
0 0
0 14
0 7
0 0
0 0
0 1
0 0
0 0
0 0
0 0
0 3
0 0
0 0
0 0
0 0
0 0
0 282
0 8
0 0
0 0
0 17
0 0
0 3
0 1
0 24
0 0
0 2
0 0
0 18
0 13
0 3
0 18
0 1
0 0
0 10
0 196
290 629
0 0
431 5
12696 32
0 0
0 0
0 12
0 1
0 223
0 32
0 0
0 0
0 109
0 94
0 65
0 0
202 13
0 1
0 0
0 6
0 12
0 15
0 147
0 0
0 832
0 1
0 0
0 10
6 1779
0 0
0 16
0 10
0 12
11 68
0 5
0 2
0 2
0 0
605 8
4 15
0 15
0 5
0 5
0 34
75 548
0 0
222 53
0 6
170 4075
19 8
0 5
0 2
0 39
0 0
0 11
0 0
180 1
0 0
0 0
0 0
0 0
0 0
0 3
0 0
0 0
0 1
0 8
19 0
0 1
0 0
7 28
0 2
0 0
0 1
0 3
0 0
0 13
0 8
3815 4
6 0
171 489
0 77
0 1
0 10
0 6
150 62
0 0
0 3
0 4
0 1
0 0
0 3
0 3
0 13
0 7
0 0
0 17
0 82
0 3
0 6
0 1
0 0
0 7
0 0
0 1
0 342
0 0
0 4
0 2
0 285
0 0
0 0
0 2
0 101
0 0
0 0
0 37
0 0
0 1
0 0
0 2
65 11
0 17
0 0
0 530
0 2
0 6
0 1
0 1
0 1
0 59
0 0
0 44
0 7
0 1528
0 0
0 0
0 1
0 349
0 0
0 12
0 13
486 63
0 4
0 0
0 0
25 417
0 485
0 17
0 0
0 7
0 892
0 2
0 0
0 4
0 0
0 4
0 5
0 200
0 4
0 35
0 60
0 14
0 0
0 0
0 6
0 202
0 0
0 6
0 3
6 87
0 1
0 0
7 1069
0 4
0 4
0 111
0 17
0 117
0 1511
0 5
0 4
0 13
0 10
71 5
0 2
0 0
0 2
141 204
0 14
72 0
0 0
0 18
0 0
0 0
0 0
0 3
0 1
0 1
0 0
0 1261
0 1995
0 305
0 11
678 84
0 5
0 86
0 22
0 0
0 0
0 2
0 0
0 0
0 18
0 1
0 1
0 2
0 0
0 0
0 0
0 0
0 1
0 1
0 1
0 0
0 0
0 0
1186 6
0 1
0 1
0 7
0 1
0 193
110 20
0 1583
24 5
0 150
4 272
0 0
0 238
0 0
0 0
0 1
0 1744
0 0
0 3
0 5
313 1
0 95
0 11
0 15
0 230
0 6
0 5
0 4
0 0
0 1
0 0
0 0
0 530
160 18
0 1
19 105
0 0
0 0
0 0
0 0
0 5684
0 1
0 9
0 0
0 0
0 1
0 4
0 0
6 4
2576 13
1104 11
0 0
0 0
0 7
0 315
0 11
0 0
0 1
0 1
0 0
0 99
0 17
0 102
0 2
8 92
0 1
0 35
0 12
0 148
0 0
0 0
0 6
0 0
583 0
0 1191
0 2
0 961
0 1
0 121
0 3
0 9
0 2
0 3
0 3
0 0
0 5
0 0
0 2
0 55
0 5
0 14
0 13
0 2
0 0
0 0
0 0
0 0
0 1
0 11
0 1
0 0
0 1
0 0
0 1
0 532
0 1
0 1899
0 0
0 2
0 0
0 0
0 12
0 0
0 1
303 19
0 19
0 0
0 2110
5 323
0 48
194 76
304 0
0 116
0 1
0 2
0 0
0 6
0 47
0 12
0 1423
0 0
10 1475
0 0
0 16
0 95
0 0
0 235
0 13
0 6
0 0
0 3
0 0
0 7
0 5
0 3
4613 127
7 81
0 0
0 0
14 7
0 104
37 290
0 0
0 32
0 0
0 84
0 12
0 0
0 0
0 23
0 0
0 78
0 3
0 105
0 4
0 0
0 0
736 11
0 1
0 0
0 3
6 15
0 548
0 1
0 0
0 0
0 1
0 17
0 0
0 15
0 4
0 1
4 220
2905 155
0 0
0 0
0 9
0 2
0 277
0 2
0 1
0 1
0 0
4 53
11 14
19 4
0 8
9 1
0 4
0 2
0 146
0 0
0 1
0 6
0 134
0 6
0 1
0 1
0 2
0 3
0 4
0 15
0 1
0 141
0 150
0 0
116 32
0 1
0 11
0 18
0 4
0 0
0 52
0 0
0 0
0 51
0 3
0 112
0 404
0 18
0 862
0 199
0 5
0 0
0 8
0 29
0 0
0 3
0 11
0 1
0 1
0 21
0 48
0 5
216 1
0 108
4 8
0 2
0 73
5 589
0 0
0 37
0 1
272 1
0 142
0 1
14 129
0 6883
0 8
0 30
0 47
36 191
0 9
0 171
0 6
0 37
0 7
0 0
0 85
0 1
0 39
0 89
0 331
0 1
0 92
0 0
0 31
0 0
0 0
0 0
0 8
6 7
0 0
0 0
0 30
0 40
0 28
0 831
0 0
0 0
0 54
0 2
0 19
0 3
0 0
151 18
38 14
0 0
0 2
0 6
0 9
90 12
0 0
0 566
0 922
0 11
0 61
0 1
0 1
0 7
0 131
0 0
0 0
911 33
0 0
0 58
118 5
0 8
0 1
606 170
187 9
0 0
13 20
0 12
0 11
0 1
0 0
0 9
0 1
0 156
0 5
0 12
10 34
0 336
0 12
0 24
9 5882
0 1
0 11
65 44
0 1
0 2
65 1
0 0
0 7
0 6
0 4
0 0
0 170
0 7
0 0
0 0
0 215
0 3
0 19
0 1
0 6
0 45
0 0
7 1216
0 25
1074 2
14 48
0 11
0 0
0 0
0 10
0 17
0 0
7 256
0 22
0 501
27 39
0 5
0 3
0 5
0 1
0 29
13 54
0 304
0 0
111 119
0 5
0 1274
0 83
0 0
0 8
12 2637
0 0
0 1
0 0
0 67
0 265
0 42
0 0
0 0
0 23
0 2
0 0
0 0
0 0
0 8
0 1
0 0
0 3
0 13
0 0
0 90
0 1
0 0
0 1
0 150
0 0
0 0
0 0
0 0
0 0
0 0
0 11
0 5
0 12
0 1
0 0
0 0
0 0
0 7
0 0
0 11
0 0
0 0
0 6
0 28
0 458
0 0
0 1
0 321
0 0
1466 24
0 0
0 1
0 0
0 0
0 0
0 0
0 0
0 1
0 0
0 0
0 1
0 0
0 1
0 0
0 0
0 3
0 9
0 3
0 0
0 0
0 10
0 1
0 1
81 1
4 2
0 3
0 6
0 0
0 0
0 0
6 65
0 0
0 1
12 228
60 49
0 5
0 23
0 1
0 4
200 480
0 16
0 6
10765 34
0 8
0 0
0 0
0 1
0 0
0 0
0 1
0 0
0 0
0 0
14 164
0 222
0 2
0 4
2863 8
0 168
0 1
0 307
0 41
0 41
0 1
6 3
0 115
0 0
0 0
0 5
0 0
0 6
0 0
0 0
0 4166
0 3
0 289
47 2
0 0
0 42
0 474
0 19
0 3
0 0
0 0
0 0
0 86
0 1217
0 121
0 20
0 4
0 0
0 1
0 72
0 0
0 16
0 0
0 1
0 0
0 818
0 113
0 1
0 0
1756 9
0 3
0 1138
0 170
21 11
0 0
0 0
0 30
0 0
0 0
0 1
0 130
0 7
4 8
0 15
0 33
0 0
0 10
0 0
0 1
0 0
0 1
0 1
0 0
0 2
0 2
0 0
0 2838
0 0
0 0
0 10
0 44
0 1
0 1
0 2
0 2
4 402
0 3
0 5
0 10
0 0
0 0
0 0
0 7
0 0
0 438
0 0
0 1695
807 76
0 1
0 0
8 9
0 0
0 52
25 376
0 11
0 28
3242 109
0 28
0 141
0 0
0 1
0 0
0 0
0 0
0 0
0 0
0 4
0 0
0 0
0 835
0 1
0 0
2116 17
0 8
20 3
0 0
0 0
0 108
0 1
0 0
0 0
0 0
0 0
0 30
0 5
0 210
0 16
0 0
0 0
0 13
0 20
0 6
0 7
155 104
0 0
0 2
0 0
0 0
0 32
0 2
0 34
0 0
0 0
0 1
0 0
436 60
0 0
0 0
0 0
0 41
0 1
0 0
0 7
0 3
0 0
0 0
0 2
0 2
0 22
0 0
0 0
48 78
0 0
0 10
0 1
0 0
0 0
0 0
0 29
0 0
0 14
0 0
0 9
0 12
0 23
0 0
0 3
0 35
0 59
0 6
0 0
0 454
0 111
0 0
0 11
0 0
0 3
0 0
48 455
0 0
0 9
0 0
436 0
0 0
0 0
0 0
0 0
0 31
0 2
0 2
23 308
0 0
0 0
0 2
0 20
0 0
0 4
0 2
0 24
0 0
0 37
0 18
0 0
106 13
0 60
0 0
0 0
0 149
0 0
0 0
0 0
0 0
0 0
0 0
0 0
0 0
0 0
0 0
0 0
0 0
0 0
0 77
0 0
0 5
0 0
0 0
0 0
0 0
0 0
0 0
0 0
0 0
0 0
0 0
0 0
0 2
0 0
0 6
0 0
0 96
0 0
0 0
0 0
0 0
0 0
0 0
0 0
0 0
0 0
0 0
0 0
0 0
0 0
0 0
0 0
0 0
0 0
0 0
0 0
0 0
0 0
0 0
0 0
0 0
0 0
0 0
0 0
0 0
0 0
0 0
0 0
0 0
0 0
0 0
0 0
0 0
0 0
0 0
0 0
6 0
0 0
0 0
0 0
0 0
0 0
0 0
0 0
0 0
0 0
0 0
0 0
0 0
0 3
0 0
0 3
0 0
0 0
0 0
0 0
0 0
0 0
0 0
0 0
0 0
0 0
0 0
0 2
0 2
0 0
112 0
0 0
0 0
0 0
0 0
0 0
0 0
0 0
0 14
0 0
0 0
0 0
0 0
0 0
0 4
0 0
0 0
0 2
0 0
0 0
0 0
0 0
0 0
0 0
0 0
0 3
0 94
0 0
0 0
0 0
0 0
0 0
0 2
0 0
0 0
0 0
0 0
0 0
0 0
0 0
0 0
0 0
0 0
0 0
0 0
0 0
0 0
0 0
0 0
0 0
0 0
0 0
0 0
0 0
0 0
0 0
0 0
0 0
0 0
1344 0
0 0
0 0
0 0
0 0
0 0
0 2
0 0
0 0
0 0
0 0
0 0
0 0
0 0
0 0
0 0
0 0
0 0
0 0
0 0
0 0
0 0
0 0
0 0
0 0
0 0
0 0
0 6
0 0
0 0
0 0
0 0
0 0
0 0
22 0
0 0
0 0
0 0
0 0
0 0
0 0
0 0
0 0
0 0
0 0
0 0
0 0
0 0
0 0
0 2
0 0
0 0
0 0
0 0
0 0
0 2
0 0
0 0
0 0
0 2
0 0
0 0
0 0
0 0
0 0
0 0
0 0
0 0
0 0
0 0
0 0
0 0
0 0
0 0
0 0
0 4
0 0
0 4
0 0
0 0
0 0
0 0
0 0
0 0
0 0
0 12
0 0
0 0
0 0
0 0
0 0
0 0
0 0
0 0
0 0
0 0
0 0
0 0
0 0
0 0
0 0
0 0
0 0
0 0
0 0
0 0
0 0
0 0
0 0
0 0
0 0
0 0
0 0
0 0
0 0
0 0
0 0
0 0
0 0
0 0
0 0
67 0
0 0
41 0
0 0
8 0
0 0
0 0
0 0
11 0
5 0
0 0
0 0
0 0
0 0
0 0
0 0
0 0
0 0
0 0
15 0
30 4
0 0
0 0
0 0
0 0
0 0
59 0
0 0
0 0
0 0
0 0
0 0
0 0
0 0
0 0
0 0
0 0
0 0
0 0
0 0
0 0
0 0
0 0
0 0
0 0
0 9
0 0
0 0
0 0
0 0
0 0
0 0
0 0
0 0
0 0
0 0
0 0
0 0
0 0
0 0
0 0
0 0
0 0
0 0
0 0
0 2
0 0
0 0
0 0
0 0
0 5
0 0
0 0
0 0
0 0
0 0
0 0
0 0
0 0
0 0
0 0
0 0
0 0
0 0
0 0
0 0
0 0
0 0
0 0
0 0
0 0
0 0
0 0
0 0
0 0
0 0
0 0
0 0
0 0
0 0
0 0
0 0
0 0
0 0
0 0
0 0
0 0
0 0
0 0
0 0
0 0
0 0
0 0
0 0
0 3
0 0
0 3
0 54
0 0
0 31
0 0
0 0
0 0
0 0
0 4
0 0
0 0
0 0
0 0
0 4
0 40
0 0
0 87
0 0
0 0
0 0
0 0
0 0
0 0
0 15
13 2
0 0
0 0
0 0
0 0
0 0
0 0
0 0
0 0
0 0
0 0
0 0
0 6
0 4
0 0
0 0
0 0
0 0
0 0
0 0
0 0
0 0
0 0
74 0
0 45
0 0
0 0
0 0
0 0
0 0
0 0
0 0
0 29
0 0
0 0
0 0
0 0
0 0
0 0
0 0
0 0
0 0
0 0
0 0
0 0
0 0
0 7
0 0
7 3
0 3
0 0
0 0
0 0
0 0
0 0
0 0
0 0
0 0
0 0
0 0
0 10
0 0
0 0
0 0
0 0
0 0
0 0
0 0
0 0
0 0
0 2
0 0
0 0
0 0
0 0
0 0
0 0
0 0
0 0
0 4
0 0
0 30
0 0
0 58
0 0
0 0
0 3
0 0
0 0
0 0
0 0
0 4
0 0
0 0
0 0
0 0
0 0
0 0
0 0
0 0
0 6
0 0
0 0
0 0
7 0
0 0
0 0
0 0
0 0
0 0
0 0
0 0
0 0
0 4
0 0
0 0
0 0
0 0
0 0
0 0
0 17
0 0
0 0
0 0
0 0
0 33
0 0
0 4
0 0
0 0
0 0
0 0
0 62
0 0
0 0
0 0
0 0
0 0
0 2
0 0
0 0
0 0
0 0
0 0
0 0
0 0
0 0
0 0
0 0
25 0
0 0
0 0
0 0
0 0
0 14
0 0
0 0
0 0
0 0
0 0
0 0
0 5
0 0
0 0
0 0
0 0
0 114
0 2
0 0
0 0
0 0
0 0
0 0
0 0
0 0
0 0
0 0
0 0
0 0
0 0
0 3
0 0
0 0
0 0
0 0
0 0
0 0
0 0
0 0
7 113
115 0
0 0
0 0
0 0
0 0
0 0
0 0
0 0
0 0
0 0
0 0
0 0
0 0
0 0
0 0
0 0
0 0
0 0
0 0
0 0
0 0
0 0
0 0
0 0
0 0
0 0
0 0
0 0
0 0
0 0
0 0
0 0
0 0
0 0
0 0
0 0
0 0
0 0
0 0
0 0
0 0
0 0
0 0
0 0
0 0
0 0
0 0
0 0
0 0
0 0
0 0
0 0
0 0
0 0
0 0
0 0
0 0
0 0
0 0
0 0
0 0
0 0
0 0
0 0
0 0
0 0
0 0
0 4
0 0
0 0
0 0
0 0
0 0
0 0
0 0
0 0
0 0
0 0
0 0
0 0
0 0
0 0
0 0
0 0
0 0
0 0
0 0
0 0
0 0
0 0
0 0
0 0
0 0
0 0
0 0
0 0
0 0
0 0
0 0
0 0
0 0
0 0
0 0
0 0
0 0
0 0
0 0
0 0
0 0
0 0
0 0
0 0
0 0
0 0
0 0
0 0
0 0
0 0
0 0
0 0
0 0
0 2
0 0
0 0
0 0
0 2
0 0
0 0
0 0
0 0
0 0
0 0
0 0
0 0
0 0
0 0
0 0
0 2
0 0
0 0
0 0
0 0
0 0
0 0
0 0
0 0
0 0
0 0
0 0
0 0
0 0
0 0
0 0
0 0
0 0
0 0
0 0
0 0
0 6
0 0
0 0
0 0
0 0
0 0
0 0
0 0
0 0
0 0
0 0
0 0
0 0
0 0
0 0
0 0
0 0
0 0
0 0
0 0
0 0
0 0
0 0
0 0
0 0
0 0
0 0
0 0
0 0
0 2
0 0
0 0
0 0
0 0
0 0
0 0
0 0
0 0
0 0
0 0
0 0
0 0
0 0
0 0
0 0
0 0
0 0
0 0
0 0
0 0
0 0
0 0
0 0
0 0
0 0
0 0
0 0
0 0
0 0
0 0
0 0
0 0
0 0
0 0
0 0
0 0
0 0
0 0
0 37
0 0
0 0
0 0
0 0
0 0
0 0
0 0
0 0
0 0
0 0
0 0
0 0
0 0
0 0
0 8
0 0
0 0
0 0
0 0
0 0
0 0
0 0
0 0
0 0
0 78
0 0
0 0
0 0
0 0
37 3
0 60
0 0
0 0
0 0
0 0
0 0
0 2
0 11
0 0
0 0
0 9
0 0
0 0
0 0
0 0
0 19
0 0
0 0
0 19
0 0
0 0
0 0
0 0
0 0
0 0
0 18
0 0
0 0
0 0
0 2
0 0
0 0
0 0
0 0
0 0
0 0
0 14
0 0
0 0
0 0
0 0
0 0
0 0
0 0
0 0
0 0
0 0
0 0
0 0
0 0
0 0
0 0
0 0
0 0
0 0
0 0
4 0
0 0
0 0
0 0
0 0
0 0
0 0
0 0
0 0
0 0
0 0
0 0
0 0
0 0
0 0
0 0
0 0
0 0
0 0
0 0
0 0
0 0
0 0
0 0
0 0
0 0
0 0
0 0
0 0
0 0
0 0
0 0
0 0
0 0
0 0
0 0
0 0
0 0
0 0
0 0
0 0
0 0
0 0
0 0
0 0
0 0
0 0
0 0
0 0
0 0
0 0
0 0
0 0
0 0
0 0
0 0
0 0
0 0
0 0
0 2
0 0
0 0
0 0
0 0
0 0
0 0
0 0
0 0
0 0
0 0
0 0
0 0
0 0
0 0
0 2
0 0
0 0
0 0
0 0
0 5
0 0
0 0
0 0
0 0
0 0
0 3
0 0
0 0
0 0
0 0
0 0
0 0
0 0
0 0
0 0
0 0
0 0
0 0
0 0
0 0
0 0
0 0
0 0
0 0
0 0
0 0
0 0
0 0
0 0
0 0
0 4
0 104
0 0
0 0
0 0
0 22
0 4
0 2
8 0
0 0
0 0
0 0
0 0
0 0
0 0
0 3
0 0
0 0
0 0
0 0
0 0
0 0
0 0
0 0
0 0
0 0
0 0
0 0
0 2
0 0
0 0
0 0
0 2
0 0
0 0
0 0
0 0
0 0
0 0
0 0
0 0
0 0
0 0
0 2
61 0
0 0
0 0
86 2
0 0
0 0
0 0
0 0
0 0
0 0
0 0
0 0
0 0
0 0
0 0
0 0
0 0
0 0
0 0
0 0
13 0
12 0
0 0
0 0
0 0
0 0
0 0
0 0
0 0
0 3
0 12
0 17
0 0
0 0
0 0
0 0
0 0
0 0
0 0
0 0
0 0
0 0
0 0
0 0
0 0
0 0
0 6
0 0
0 0
0 0
0 0
0 0
12 0
0 0
0 28
0 0
0 0
0 0
0 0
0 0
0 0
0 0
0 0
0 0
0 0
0 0
0 0
0 0
0 0
0 3
0 0
0 0
0 0
0 0
0 0
0 0
0 0
0 0
0 0
0 0
0 0
0 0
0 3
0 3
0 0
0 2
0 0
0 0
0 0
0 3
0 0
0 0
0 0
0 0
0 0
0 0
0 0
0 0
0 0
0 2
0 0
0 0
0 0
0 0
0 0
0 0
0 0
0 0
0 0
0 0
0 0
0 0
0 0
0 0
0 0
0 0
0 0
0 0
0 11
0 2
0 0
0 0
0 0
0 0
0 0
0 0
0 0
0 0
0 0
0 2
0 0
0 0
0 7
0 0
0 0
0 0
0 0
0 0
0 0
0 0
0 13
0 0
0 0
0 0
0 4
0 0
0 0
0 0
0 2
0 0
0 0
0 0
0 2
0 0
0 0
0 2
0 0
11 0
0 0
0 0
0 0
0 3
0 0
0 12
0 0
0 0
0 11
0 0
0 0
0 0
0 0
5 3
0 0
0 4
0 0
0 9
0 0
0 0
0 0
0 0
0 9
15 0
0 0
0 0
0 0
0 0
0 0
0 0
0 0
0 0
0 0
0 0
0 0
0 0
0 0
0 0
0 0
0 0
0 0
0 0
0 0
0 9
0 0
0 0
10 0
0 0
0 0
0 0
0 2
0 0
0 0
0 0
0 0
0 0
0 0
0 0
0 0
0 0
0 0
0 0
0 0
0 0
0 0
0 0
0 0
0 0
0 0
0 0
0 0
0 0
0 0
0 0
0 0
0 0
4 0
0 0
0 9
0 0
0 0
0 0
0 7
0 51
0 0
0 0
0 0
0 0
0 0
0 0
0 0
0 2
0 0
0 0
0 0
0 9
0 0
0 27
0 2
0 10
0 0
0 16
0 0
0 0
0 0
0 3
0 0
0 92
0 0
0 688
0 4
0 0
0 8
0 0
0 17
0 0
0 0
0 116
0 0
0 0
0 6
0 202
0 0
0 0
0 0
0 0
0 0
0 0
0 0
0 0
0 18
0 3
0 0
0 36
0 0
0 0
0 2
0 0
0 0
0 0
0 0
0 0
0 0
0 0
0 12
0 0
0 2
0 0
0 0
0 0
0 0
0 0
0 0
0 0
0 0
0 0
0 0
0 0
0 20
0 0
0 3
0 6
0 0
0 0
0 0
0 0
0 0
0 0
0 0
0 0
0 0
0 2
0 0
0 20
0 2
0 0
0 0
0 0
0 0
0 0
0 0
0 0
0 0
0 0
0 0
0 0
0 0
0 0
0 0
0 0
0 0
0 0
0 0
0 0
0 0
0 0
0 0
0 0
0 52
0 5
0 0
0 0
0 0
0 3
0 0
0 0
0 0
0 0
0 0
0 0
0 0
0 0
0 0
0 0
0 0
0 0
0 0
0 0
0 3
0 0
0 0
0 0
0 0
0 0
0 0
0 0
0 0
0 0
0 0
39 0
0 0
0 0
0 0
0 0
0 0
0 0
0 0
0 0
0 3
0 5
0 0
0 0
0 0
0 0
0 0
0 3
0 102
0 10
0 0
0 43
0 19
0 5
0 0
0 0
0 0
0 8
0 0
0 0
0 0
0 0
0 0
0 19
0 0
0 3
0 19
0 8
0 7
0 226
0 167
0 177
0 0
0 37
0 18
0 2
0 8
0 38
0 5
0 0
0 132
0 4
0 2
0 2
0 0
0 0
0 73
0 11
0 3
0 0
0 0
0 60
0 37
0 23
0 0
0 0
0 40
0 13
0 0
0 0
0 0
0 4
0 12
0 0
0 0
0 10
0 3
0 0
0 0
0 0
0 0
0 0
0 0
0 0
0 0
0 0
0 3
0 0
0 5
0 0
0 0
0 0
0 0
0 0
0 0
0 0
0 0
0 0
0 0
0 0
0 3
0 0
0 0
0 0
0 0
0 0
0 0
0 0
0 0
0 0
0 0
0 0
0 0
0 0
0 0
0 17
0 0
0 0
0 0
0 0
0 0
0 19
0 0
0 0
0 2
55 0
0 0
0 0
0 5
0 0
0 0
0 0
0 0
0 19
0 0
0 2
0 0
0 0
0 0
0 0
0 0
0 0
0 0
0 0
0 0
0 0
0 23
0 0
0 0
0 0
0 80
0 0
0 0
0 0
0 3
0 0
0 0
0 0
0 0
0 0
0 0
0 0
0 0
0 0
0 0
0 2
0 0
0 0
0 0
0 0
0 0
0 0
0 0
0 0
0 0
0 0
0 0
0 41
0 0
0 0
0 2
0 0
0 0
0 0
0 0
0 0
0 0
0 0
0 0
0 0
0 0
0 0
0 9
0 0
0 0
0 0
0 0
0 0
0 0
0 0
0 0
0 0
0 0
0 0
0 11
0 0
0 0
0 0
0 0
0 0
0 0
0 0
0 0
0 0
0 0
0 0
0 0
0 0
0 0
0 0
0 0
0 0
0 0
0 27
0 2
0 0
0 0
0 0
0 3
0 0
0 0
0 0
0 0
0 0
0 0
0 0
0 0
0 0
0 0
0 0
0 0
0 0
0 0
0 0
0 5
5 0
0 0
0 0
0 0
0 0
11 0
0 0
0 0
0 0
0 0
0 0
0 0
0 0
0 0
0 0
0 0
0 24
0 0
0 0
0 0
0 53
0 0
0 0
0 0
4 0
0 0
0 21
0 16
0 0
5 0
0 19
0 30
12 0
24 17
0 123
0 0
0 2
0 0
0 0
0 0
0 0
0 0
0 0
0 0
0 6
0 36
0 0
0 0
0 0
0 0
0 20
0 0
0 0
0 0
0 0
0 0
0 0
0 0
0 0
0 0
0 0
0 0
0 0
0 0
0 0
0 0
0 0
0 3
0 0
0 0
0 0
0 0
0 0
0 0
0 0
0 0
0 0
0 0
0 0
0 0
0 0
0 0
0 0
0 0
0 0
0 0
0 0
0 0
0 0
0 0
0 0
0 0
0 0
0 0
0 0
0 0
0 0
0 0
0 0
0 0
0 0
0 0
0 0
0 0
0 0
0 0
0 2
0 0
0 0
0 0
0 0
0 3
0 0
0 0
0 0
0 0
0 0
0 0
0 0
0 0
0 0
0 0
0 0
0 0
0 0
0 0
0 0
0 0
0 0
0 0
0 0
0 0
0 0
0 0
0 0
0 0
0 0
0 0
0 0
0 0
0 0
0 0
0 0
0 0
0 0
0 0
0 0
0 0
0 0
0 0
0 0
0 0
0 0
0 0
0 0
0 0
0 0
0 0
0 0
0 0
0 0
0 0
0 0
0 0
0 0
0 0
0 0
0 0
0 0
0 0
0 0
63 6
0 0
0 0
0 0
0 0
0 0
0 0
0 0
0 0
0 0
0 0
0 0
0 0
0 42
0 0
0 0
0 8
0 0
0 0
0 0
0 6
0 0
0 0
0 0
0 0
0 0
0 0
0 0
9 0
0 0
0 0
0 0
0 2
0 5
0 0
0 2
0 2
0 82
0 0
0 0
0 0
0 0
0 0
0 4
0 0
0 10
0 0
0 0
0 0
0 0
0 20
0 24
0 0
0 59
0 0
0 0
0 0
0 16
0 0
0 0
0 0
0 0
0 0
0 0
0 2
0 0
0 0
0 2
0 0
0 0
0 0
0 0
0 0
0 11
0 5
0 0
0 0
0 0
13 0
0 2
0 0
0 0
0 0
0 3
0 0
0 4
0 0
0 11
0 0
0 0
0 8
0 45
0 0
0 96
0 3
0 0
0 0
0 16
0 0
0 0
0 0
0 0
0 0
0 0
0 0
0 0
0 0
0 0
0 0
0 0
0 0
0 0
0 0
0 0
0 15
0 0
0 0
0 0
0 5
0 0
0 0
0 33
0 0
0 0
0 0
0 0
0 0
0 0
0 0
0 0
0 0
0 0
0 0
0 0
0 0
0 0
0 0
0 0
0 0
0 0
0 0
0 0
0 0
0 0
0 0
0 0
0 0
0 0
0 0
0 0
0 0
0 0
0 0
0 0
0 0
0 0
0 0
0 0
0 0
0 0
0 0
0 0
0 0
0 0
0 3
0 0
0 0
0 0
0 0
0 0
0 0
0 0
0 0
0 0
0 0
0 0
0 0
0 0
0 0
0 0
0 0
0 0
0 0
0 0
0 0
0 0
0 0
0 0
0 0
0 0
0 0
0 0
0 0
0 0
0 0
4 0
0 0
0 27
0 0
0 0
0 0
0 0
0 0
0 0
0 0
0 0
0 0
0 0
0 0
0 0
0 0
0 0
0 0
0 0
0 0
0 0
0 0
0 0
0 5
0 0
0 0
0 0
0 0
0 0
0 0
0 0
0 0
0 0
0 0
0 0
0 0
0 0
0 0
0 0
0 54
0 0
0 0
0 4
0 0
0 0
0 21
0 0
0 0
0 0
0 0
0 0
0 0
0 0
0 0
0 0
0 0
0 0
0 43
0 0
0 0
0 0
0 0
0 0
0 0
0 0
0 0
0 0
0 29
0 0
0 0
0 2
0 0
0 0
0 0
0 0
0 20
0 0
0 0
0 0
0 0
0 0
0 0
0 0
0 0
0 0
0 0
0 0
0 2
0 0
0 0
0 0
0 0
0 37
0 0
0 0
0 0
0 24
0 0
0 0
0 0
0 0
0 0
0 0
0 0
0 0
0 11
0 0
0 0
0 0
0 0
0 0
0 0
0 0
0 0
0 0
0 0
0 0
0 0
0 0
0 0
0 0
0 0
0 0
0 0
0 5
0 0
0 0
0 0
0 0
0 0
0 0
0 0
0 3
0 0
0 0
0 0
0 0
0 0
0 0
0 0
0 7
0 0
0 0
0 0
0 0
0 0
0 0
0 0
0 2
0 0
0 6
0 5
0 0
0 0
0 0
0 11
0 0
0 2
0 2
0 0
0 0
0 0
0 0
0 0
0 0
0 0
0 0
0 0
0 0
0 0
0 0
0 0
0 0
0 0
0 0
0 0
0 0
0 0
0 0
0 0
0 0
0 0
0 0
15 0
0 0
0 0
0 0
0 0
0 0
0 0
0 0
0 0
0 21
0 2
0 0
0 16
0 23
0 3
0 0
0 0
0 0
0 0
0 0
0 0
0 0
0 0
0 0
0 0
0 0
0 0
0 0
0 0
0 0
0 0
0 0
0 0
0 20
0 0
0 2
0 6
0 0
0 0
0 0
0 2
0 0
0 0
0 0
0 0
0 0
0 0
0 0
0 0
0 0
0 0
0 0
0 0
0 0
0 0
0 0
0 0
0 0
0 0
0 0
0 102
0 0
0 0
0 0
0 0
0 0
0 0
0 0
0 0
0 0
0 0
0 0
0 0
0 0
0 0
0 0
0 0
0 0
0 0
0 0
0 0
0 0
0 0
0 0
0 0
0 0
0 0
0 0
0 0
0 0
0 0
0 0
0 0
0 0
0 0
0 0
0 0
0 0
0 0
0 0
0 0
0 0
0 0
0 0
0 0
0 0
0 0
0 0
0 0
0 0
0 0
0 0
0 0
0 0
0 0
0 0
0 0
0 0
0 0
0 0
0 0
0 0
0 0
0 0
0 0
0 0
38 0
0 0
0 0
0 0
0 0
0 0
0 0
0 0
0 0
0 0
0 0
0 0
0 0
0 0
0 0
0 0
0 0
0 0
0 0
0 0
0 0
0 0
65 0
0 0
0 0
0 0
0 0
0 0
0 0
0 0
0 0
0 0
0 0
0 0
0 0
0 0
0 0
0 0
0 0
24 0
0 0
0 0
0 0
0 6
0 0
0 0
0 0
0 0
0 0
0 0
0 0
0 0
0 0
0 0
0 0
0 0
0 0
0 0
0 2
0 0
0 0
0 0
0 0
75 0
0 0
0 4
0 0
0 3
0 0
0 9
0 0
0 0
0 0
0 0
0 0
0 0
0 0
0 0
0 0
0 0
0 0
0 3
0 0
0 0
0 0
0 0
0 0
0 0
0 0
0 0
0 0
0 0
0 0
0 0
0 0
0 0
0 2
0 0
0 0
0 0
0 0
0 0
0 0
0 0
0 0
0 0
0 0
0 0
0 0
0 0
0 0
0 0
0 3
0 0
0 0
0 0
0 0
0 0
0 0
0 0
0 0
0 0
0 0
0 0
0 0
0 0
0 0
0 0
0 0
0 0
0 0
0 0
0 0
0 0
0 0
0 0
0 0
0 0
0 0
0 0
0 0
0 0
0 0
0 0
0 0
0 0
0 0
0 0
0 0
0 0
0 0
0 0
0 0
0 0
0 0
0 0
0 0
0 0
0 0
0 0
0 0
0 0
0 0
0 0
0 0
0 0
0 0
0 0
0 0
0 0
0 0
0 0
0 0
0 0
0 0
0 0
0 0
0 0
0 0
0 0
0 0
0 0
0 0
0 0
0 3
0 0
0 0
0 0
0 0
0 0
0 0
0 0
0 0
0 0
0 0
23 0
0 0
0 0
0 228
0 0
0 0
0 0
0 0
0 0
0 0
0 0
0 0
0 9
0 0
0 0
0 2
0 0
0 0
0 0
0 0
0 0
0 0
0 0
0 0
0 0
0 0
0 0
0 22
0 0
0 0
0 0
0 0
0 37
0 4
0 0
0 0
0 0
0 0
0 0
0 0
0 0
0 0
0 0
0 0
0 0
0 5
0 0
0 0
0 0
0 0
0 0
0 0
0 0
0 0
0 0
0 0
0 0
0 0
0 0
0 0
0 0
0 0
0 0
0 0
0 0
0 0
0 0
0 0
0 0
0 0
0 0
0 0
0 0
0 0
0 0
0 0
0 0
0 0
0 14
0 0
0 0
0 0
0 0
0 0
0 0
0 0
0 0
0 0
0 0
0 0
0 0
0 0
0 0
0 0
15 3
0 0
0 0
0 0
0 0
0 0
0 0
0 0
0 3
0 0
0 0
0 0
0 0
0 0
0 0
0 0
0 2
0 0
0 0
0 0
0 0
0 0
0 0
0 0
0 0
0 0
0 0
0 5
0 0
4 0
0 13
0 0
0 2
0 2
0 0
0 2
0 0
0 0
0 0
0 0
0 0
0 0
0 0
0 0
0 0
0 0
0 2
0 0
0 0
0 0
0 0
0 0
0 0
0 0
0 0
0 0
0 0
0 0
0 0
0 0
0 0
0 0
0 0
0 0
0 0
0 0
0 0
0 0
0 0
0 0
0 0
0 0
0 0
0 0
0 0
0 0
0 0
0 0
0 0
0 0
0 0
0 0
0 0
0 0
0 0
0 0
0 0
0 0
0 0
0 0
0 0
0 0
0 0
0 0
0 0
0 0
0 0
0 0
0 0
0 0
0 0
0 0
0 0
0 0
0 0
0 0
0 0
0 0
0 0
0 0
0 0
0 0
0 0
0 0
0 0
0 0
0 0
0 0
0 0
0 0
0 0
0 0
0 0
0 0
0 0
0 0
0 0
0 0
0 0
0 0
0 0
0 0
0 0
0 0
0 0
0 0
0 0
0 0
0 0
0 0
0 0
0 0
0 0
0 0
0 0
0 0
0 0
0 0
0 0
0 0
0 0
0 0
0 0
0 0
0 0
0 0
0 0
0 0
0 0
0 5
0 0
0 0
0 25
0 14
0 0
0 0
0 8
0 0
0 0
0 8
0 0
0 0
0 0
0 0
0 0
0 0
0 0
0 0
0 0
0 0
0 0
0 0
0 0
0 0
0 0
0 0
0 11
0 0
7 0
48 0
0 0
0 0
0 76
0 0
0 0
0 0
0 0
0 2
0 0
0 104
0 0
0 0
0 0
0 0
0 0
0 0
0 0
0 0
0 0
0 0
0 0
0 0
0 0
0 0
0 0
0 0
0 0
0 0
0 0
0 0
0 0
0 0
0 0
0 0
0 0
0 0
0 0
0 0
0 0
0 0
0 0
0 0
0 3
0 0
0 0
0 0
0 0
0 0
0 0
0 0
0 0
0 0
0 0
0 0
0 0
0 0
0 0
0 0
0 5
0 0
0 0
0 0
0 0
0 0
0 0
0 0
0 0
0 0
0 0
0 0
0 0
0 0
0 0
0 0
0 0
0 0
0 0
0 0
0 0
0 0
0 0
0 0
0 0
0 0
0 0
0 0
0 0
0 0
0 0
0 0
0 0
0 0
0 0
0 0
0 0
0 0
0 0
0 0
0 0
0 0
0 0
0 0
0 0
0 0
0 0
0 0
0 0
0 0
0 0
0 0
0 0
0 0
0 0
0 0
0 0
0 0
0 0
0 0
0 0
0 0
0 0
0 0
0 0
0 0
0 0
0 0
0 0
0 0
0 0
0 15
0 0
0 0
0 129
0 4
0 0
0 0
0 0
0 0
0 0
0 0
0 0
0 0
0 0
0 0
0 0
0 0
0 0
0 0
0 0
0 0
0 0
0 0
